{"producer":{"name":"Blender","version":"3.2.0","exporter_version":"2.93.5","file":"test.babylon"},
"autoClear":true,"clearColor":[0.0509,0.0509,0.0509],"gravity":[0,-9.81,0],
"materials":[{"name":"Material","id":"Material","customType":"BABYLON.PBRMaterial","albedo":[0.8,0.8,0.8],"emissive":[0,0,0],"reflectivity":[0.5,0.5,0.5],"roughness":0.4,"alpha":1,"transparencyMode":0,"alphaCutOff":0.4,"metallic":0}],
"skeletons":[{"name":"Character","id":0,"dimensionsAtRest":[3.3114,3.5961,0.7515],"bones":[
{"name":"mixamorig:Hips","index":0,"matrix":[1,0,0,0,0,1,0,0,0,0,-1,0,0.0028,1.8348,0.0813,1],"rest":[1,0,0,0,0,1,0,0,0,0,-1,0,0.0028,1.8323,-0.0192,1],"parentBoneIndex":-1,"length":0.1836
,"animation":
{"name":"anim","property":"_matrix","dataType":3,"framePerSecond":30,"loopBehavior":1,"keys":[
{"frame":1,"values":[0.691,-0.0076,-0.7228,0,0.118,0.9877,0.1023,0,-0.7131,0.156,-0.6834,0,-0.3403,-14.5317,-2.432,1]},
{"frame":2,"values":[0.6938,-0.0056,-0.7201,0,0.1193,0.9871,0.1073,0,-0.7102,0.1603,-0.6855,0,-0.5514,-14.5213,-2.1312,1]},
{"frame":3,"values":[0.6967,-0.0057,-0.7173,0,0.1199,0.9868,0.1086,0,-0.7073,0.1617,-0.6882,0,-0.8329,-14.2537,-1.753,1]},
{"frame":4,"values":[0.6998,-0.0078,-0.7143,0,0.1191,0.9872,0.1058,0,-0.7044,0.1591,-0.6918,0,-1.1736,-13.714,-1.284,1]},
{"frame":5,"values":[0.7036,-0.0115,-0.7105,0,0.1168,0.9881,0.0997,0,-0.701,0.1531,-0.6966,0,-1.5685,-13.0032,-0.6979,1]},
{"frame":6,"values":[0.708,-0.0165,-0.706,0,0.1147,0.9891,0.0919,0,-0.6968,0.1461,-0.7022,0,-2.0008,-12.3203,0.0135,1]},
{"frame":7,"values":[0.7108,-0.0211,-0.703,0,0.1131,0.99,0.0846,0,-0.6942,0.1397,-0.7061,0,-2.4401,-11.8057,0.802,1]},
{"frame":8,"values":[0.7125,-0.0262,-0.7012,0,0.1141,0.9903,0.079,0,-0.6923,0.1363,-0.7086,0,-2.851,-11.5187,1.6572,1]},
{"frame":9,"values":[0.7141,-0.0308,-0.6994,0,0.1178,0.9901,0.0766,0,-0.6901,0.1371,-0.7106,0,-3.2213,-11.4711,2.5245,1]},
{"frame":10,"values":[0.716,-0.0347,-0.6972,0,0.1234,0.9893,0.0775,0,-0.6871,0.1416,-0.7127,0,-3.5435,-11.6602,3.3406,1]},
{"frame":11,"values":[0.717,-0.0368,-0.6961,0,0.1298,0.9882,0.0814,0,-0.6849,0.1487,-0.7133,0,-3.8108,-12.0213,4.0421,1]},
{"frame":12,"values":[0.7146,-0.0345,-0.6987,0,0.1325,0.9874,0.0868,0,-0.6869,0.1547,-0.7101,0,-4.0587,-12.392,4.5158,1]},
{"frame":13,"values":[0.7173,-0.0353,-0.6958,0,0.138,0.9861,0.0922,0,-0.6829,0.1621,-0.7123,0,-4.2665,-12.6733,4.8009,1]},
{"frame":14,"values":[0.7255,-0.0404,-0.687,0,0.1478,0.9841,0.0983,0,-0.6721,0.1728,-0.72,0,-4.43,-12.8056,4.8823,1]},
{"frame":15,"values":[0.73,-0.0403,-0.6822,0,0.1519,0.9829,0.1044,0,-0.6663,0.1798,-0.7236,0,-4.5713,-12.7398,4.6565,1]},
{"frame":16,"values":[0.7347,-0.0366,-0.6775,0,0.1501,0.9826,0.1097,0,-0.6616,0.1823,-0.7273,0,-4.6535,-12.5693,4.2379,1]},
{"frame":17,"values":[0.7385,-0.0334,-0.6734,0,0.1471,0.9827,0.1125,0,-0.658,0.1822,-0.7307,0,-4.6934,-12.3756,3.705,1]},
{"frame":18,"values":[0.7393,-0.0314,-0.6726,0,0.1437,0.9833,0.112,0,-0.6578,0.1794,-0.7315,0,-4.7055,-12.2042,3.1478,1]},
{"frame":19,"values":[0.7372,-0.0301,-0.675,0,0.1402,0.9841,0.1092,0,-0.661,0.1752,-0.7297,0,-4.711,-12.0304,2.5855,1]},
{"frame":20,"values":[0.7345,-0.0265,-0.6781,0,0.1355,0.9848,0.1083,0,-0.6649,0.1714,-0.727,0,-4.6789,-11.821,2.021,1]},
{"frame":21,"values":[0.7318,-0.0225,-0.6812,0,0.1303,0.9856,0.1075,0,-0.669,0.1674,-0.7242,0,-4.6331,-11.585,1.4642,1]},
{"frame":22,"values":[0.7287,-0.0195,-0.6846,0,0.1246,0.9867,0.1045,0,-0.6734,0.1615,-0.7214,0,-4.5964,-11.3665,0.9365,1]},
{"frame":23,"values":[0.7263,-0.0161,-0.6872,0,0.1174,0.988,0.1008,0,-0.6773,0.1539,-0.7194,0,-4.5349,-11.207,0.4713,1]},
{"frame":24,"values":[0.7246,-0.0132,-0.6891,0,0.1108,0.989,0.0976,0,-0.6802,0.147,-0.7181,0,-4.4421,-11.1078,0.0864,1]},
{"frame":25,"values":[0.7241,-0.0111,-0.6896,0,0.1069,0.9896,0.0963,0,-0.6814,0.1434,-0.7178,0,-4.3254,-11.0537,-0.2158,1]},
{"frame":26,"values":[0.7263,-0.0102,-0.6873,0,0.1058,0.9896,0.0971,0,-0.6792,0.1433,-0.7198,0,-4.1988,-11.0422,-0.4424,1]},
{"frame":27,"values":[0.7315,-0.0116,-0.6817,0,0.1066,0.9895,0.0975,0,-0.6734,0.144,-0.7251,0,-4.071,-11.0852,-0.5972,1]},
{"frame":28,"values":[0.7376,-0.0152,-0.675,0,0.1081,0.9895,0.0958,0,-0.6665,0.1436,-0.7316,0,-3.9689,-11.1797,-0.6839,1]},
{"frame":29,"values":[0.7434,-0.0203,-0.6685,0,0.1099,0.9897,0.0922,0,-0.6597,0.142,-0.738,0,-3.8948,-11.2925,-0.7097,1]},
{"frame":30,"values":[0.7482,-0.0259,-0.663,0,0.1119,0.9898,0.0877,0,-0.654,0.1399,-0.7435,0,-3.834,-11.3907,-0.6958,1]},
{"frame":31,"values":[0.7526,-0.0297,-0.6578,0,0.1126,0.9901,0.0841,0,-0.6488,0.1374,-0.7484,0,-3.7654,-11.4637,-0.6682,1]},
{"frame":32,"values":[0.7556,-0.0325,-0.6543,0,0.1125,0.9904,0.0806,0,-0.6453,0.1345,-0.752,0,-3.6878,-11.5102,-0.6559,1]},
{"frame":33,"values":[0.757,-0.036,-0.6524,0,0.1124,0.9908,0.0757,0,-0.6436,0.1306,-0.7541,0,-3.6223,-11.5411,-0.6565,1]},
{"frame":34,"values":[0.7613,-0.0388,-0.6472,0,0.1106,0.9913,0.0707,0,-0.6389,0.1255,-0.759,0,-3.5373,-11.5643,-0.6753,1]},
{"frame":35,"values":[0.7654,-0.0429,-0.6422,0,0.1092,0.992,0.0639,0,-0.6343,0.119,-0.7639,0,-3.4714,-11.5666,-0.7611,1]},
{"frame":36,"values":[0.7664,-0.0473,-0.6406,0,0.1091,0.9924,0.0573,0,-0.633,0.1139,-0.7657,0,-3.4631,-11.545,-0.8877,1]},
{"frame":37,"values":[0.7667,-0.0497,-0.64,0,0.1087,0.9927,0.053,0,-0.6327,0.1102,-0.7665,0,-3.4568,-11.5047,-1.0313,1]},
{"frame":38,"values":[0.7668,-0.0507,-0.6398,0,0.1079,0.9929,0.0507,0,-0.6327,0.1079,-0.7668,0,-3.4355,-11.4729,-1.1765,1]},
{"frame":39,"values":[0.7652,-0.0512,-0.6417,0,0.1071,0.9931,0.0484,0,-0.6348,0.1058,-0.7654,0,-3.4254,-11.4643,-1.293,1]},
{"frame":40,"values":[0.7628,-0.0526,-0.6445,0,0.1067,0.9933,0.0452,0,-0.6378,0.1033,-0.7633,0,-3.4325,-11.4811,-1.3786,1]},
{"frame":41,"values":[0.76,-0.055,-0.6476,0,0.1077,0.9933,0.042,0,-0.6409,0.1017,-0.7609,0,-3.4772,-11.5139,-1.4446,1]},
{"frame":42,"values":[0.758,-0.0561,-0.6499,0,0.109,0.9932,0.0414,0,-0.6431,0.1022,-0.7589,0,-3.5632,-11.5283,-1.5133,1]},
{"frame":43,"values":[0.7561,-0.0562,-0.652,0,0.1098,0.9931,0.0417,0,-0.6451,0.1032,-0.7571,0,-3.6739,-11.5283,-1.59,1]},
{"frame":44,"values":[0.7539,-0.0572,-0.6545,0,0.1111,0.993,0.0413,0,-0.6476,0.1038,-0.7549,0,-3.7967,-11.5303,-1.6642,1]},
{"frame":45,"values":[0.7527,-0.0583,-0.6558,0,0.1124,0.9928,0.0408,0,-0.6487,0.1044,-0.7538,0,-3.9144,-11.5427,-1.7261,1]},
{"frame":46,"values":[0.7524,-0.0597,-0.656,0,0.1139,0.9927,0.0402,0,-0.6488,0.1049,-0.7537,0,-4.0293,-11.5707,-1.7753,1]},
{"frame":47,"values":[0.7514,-0.0609,-0.657,0,0.1155,0.9925,0.0401,0,-0.6497,0.106,-0.7528,0,-4.1571,-11.5857,-1.8306,1]},
{"frame":48,"values":[0.7498,-0.0608,-0.6588,0,0.1167,0.9923,0.0413,0,-0.6512,0.1079,-0.7512,0,-4.2914,-11.5742,-1.8987,1]},
{"frame":49,"values":[0.7487,-0.0594,-0.6603,0,0.1171,0.9922,0.0436,0,-0.6525,0.11,-0.7497,0,-4.4183,-11.5735,-1.9629,1]},
{"frame":50,"values":[0.7469,-0.0571,-0.6624,0,0.1173,0.992,0.0468,0,-0.6545,0.1127,-0.7477,0,-4.5375,-11.5855,-2.025,1]},
{"frame":51,"values":[0.7452,-0.054,-0.6646,0,0.1177,0.9917,0.0514,0,-0.6563,0.1166,-0.7454,0,-4.6464,-11.6018,-2.0798,1]},
{"frame":52,"values":[0.7436,-0.0504,-0.6667,0,0.1182,0.9913,0.057,0,-0.658,0.1212,-0.7432,0,-4.7577,-11.6265,-2.1189,1]},
{"frame":53,"values":[0.7415,-0.0461,-0.6694,0,0.1188,0.9909,0.0633,0,-0.6604,0.1265,-0.7402,0,-4.8705,-11.6613,-2.1463,1]},
{"frame":54,"values":[0.7391,-0.0414,-0.6723,0,0.1194,0.9903,0.0703,0,-0.6629,0.1323,-0.737,0,-4.9731,-11.7011,-2.1581,1]},
{"frame":55,"values":[0.7373,-0.0357,-0.6746,0,0.1193,0.9898,0.078,0,-0.665,0.138,-0.734,0,-5.0657,-11.7316,-2.1504,1]},
{"frame":56,"values":[0.735,-0.0303,-0.6774,0,0.1197,0.9891,0.0857,0,-0.6674,0.1441,-0.7306,0,-5.1621,-11.7696,-2.1225,1]},
{"frame":57,"values":[0.7324,-0.0261,-0.6804,0,0.1211,0.9883,0.0924,0,-0.67,0.15,-0.727,0,-5.2622,-11.8133,-2.0595,1]},
{"frame":58,"values":[0.7298,-0.0211,-0.6833,0,0.1222,0.9875,0.1,0,-0.6726,0.1565,-0.7233,0,-5.3683,-11.8383,-1.9632,1]},
{"frame":59,"values":[0.7269,-0.0146,-0.6866,0,0.1231,0.9863,0.1094,0,-0.6756,0.164,-0.7188,0,-5.4962,-11.8337,-1.8455,1]},
{"frame":60,"values":[0.7244,-0.009,-0.6894,0,0.1238,0.9854,0.1172,0,-0.6782,0.1702,-0.7149,0,-5.6214,-11.8023,-1.6864,1]},
{"frame":61,"values":[0.7224,-0.0043,-0.6915,0,0.1239,0.9846,0.1234,0,-0.6803,0.1748,-0.7118,0,-5.7364,-11.7251,-1.4767,1]},
{"frame":62,"values":[0.7213,-0.0006,-0.6926,0,0.1244,0.9838,0.1288,0,-0.6813,0.1791,-0.7097,0,-5.856,-11.5726,-1.2054,1]},
{"frame":63,"values":[0.722,0.0005,-0.6918,0,0.1248,0.9835,0.131,0,-0.6805,0.1809,-0.7101,0,-5.9737,-11.3494,-0.847,1]},
{"frame":64,"values":[0.7252,-0.0002,-0.6885,0,0.1241,0.9837,0.1304,0,-0.6773,0.18,-0.7134,0,-6.0689,-11.0995,-0.4154,1]},
{"frame":65,"values":[0.7308,-0.0028,-0.6825,0,0.1229,0.9842,0.1276,0,-0.6714,0.1771,-0.7196,0,-6.1213,-10.8596,0.0591,1]},
{"frame":66,"values":[0.7372,-0.0066,-0.6757,0,0.1212,0.985,0.1226,0,-0.6647,0.1722,-0.7269,0,-6.1347,-10.6509,0.5193,1]},
{"frame":67,"values":[0.7413,-0.0109,-0.671,0,0.1202,0.9859,0.1168,0,-0.6603,0.1672,-0.7322,0,-6.1163,-10.5153,0.9059,1]},
{"frame":68,"values":[0.7424,-0.0151,-0.6698,0,0.1209,0.9864,0.1117,0,-0.659,0.1639,-0.7341,0,-6.0548,-10.4755,1.2165,1]},
{"frame":69,"values":[0.741,-0.0181,-0.6712,0,0.1222,0.9866,0.1083,0,-0.6602,0.1623,-0.7333,0,-5.938,-10.5447,1.4587,1]},
{"frame":70,"values":[0.7373,-0.0193,-0.6753,0,0.1236,0.9866,0.1068,0,-0.6642,0.1622,-0.7298,0,-5.7567,-10.7292,1.6003,1]},
{"frame":71,"values":[0.7324,-0.0195,-0.6806,0,0.1254,0.9863,0.1067,0,-0.6692,0.1635,-0.7248,0,-5.5267,-10.9901,1.622,1]},
{"frame":72,"values":[0.729,-0.0202,-0.6842,0,0.1272,0.9862,0.1064,0,-0.6726,0.1646,-0.7214,0,-5.2442,-11.3072,1.5403,1]},
{"frame":73,"values":[0.7267,-0.0216,-0.6866,0,0.1284,0.9862,0.1048,0,-0.6748,0.1644,-0.7194,0,-4.8982,-11.6346,1.3548,1]},
{"frame":74,"values":[0.7242,-0.0238,-0.6892,0,0.1294,0.9863,0.102,0,-0.6773,0.163,-0.7174,0,-4.5059,-11.8686,1.0506,1]},
{"frame":75,"values":[0.721,-0.0258,-0.6925,0,0.1298,0.9866,0.0984,0,-0.6807,0.1608,-0.7147,0,-4.0732,-11.9358,0.6146,1]},
{"frame":76,"values":[0.7167,-0.0271,-0.6969,0,0.1283,0.9873,0.0935,0,-0.6855,0.1564,-0.7111,0,-3.5867,-11.8423,0.0835,1]},
{"frame":77,"values":[0.7113,-0.0274,-0.7024,0,0.1231,0.9887,0.0861,0,-0.6921,0.1477,-0.7066,0,-3.0307,-11.6752,-0.4646,1]},
{"frame":78,"values":[0.7051,-0.027,-0.7086,0,0.1152,0.9904,0.077,0,-0.6997,0.1359,-0.7014,0,-2.4244,-11.5228,-0.973,1]},
{"frame":79,"values":[0.6998,-0.0263,-0.7139,0,0.1075,0.9918,0.0689,0,-0.7062,0.125,-0.6969,0,-1.8076,-11.4714,-1.4508,1]},
{"frame":80,"values":[0.6961,-0.0262,-0.7175,0,0.1029,0.9927,0.0636,0,-0.7106,0.1181,-0.6936,0,-1.2495,-11.6195,-1.8842,1]},
{"frame":81,"values":[0.6938,-0.0263,-0.7197,0,0.1027,0.9927,0.0627,0,-0.7128,0.1175,-0.6914,0,-0.813,-11.9755,-2.2219,1]},
{"frame":82,"values":[0.6923,-0.0247,-0.7212,0,0.106,0.9921,0.0678,0,-0.7138,0.1234,-0.6894,0,-0.5053,-12.5164,-2.4627,1]},
{"frame":83,"values":[0.6905,-0.0208,-0.723,0,0.1101,0.991,0.0766,0,-0.7149,0.1325,-0.6866,0,-0.3176,-13.1673,-2.6141,1]},
{"frame":84,"values":[0.6889,-0.0165,-0.7247,0,0.1137,0.9898,0.0855,0,-0.7159,0.1414,-0.6837,0,-0.226,-13.7809,-2.6655,1]},
{"frame":85,"values":[0.6893,-0.0115,-0.7244,0,0.1162,0.9887,0.0949,0,-0.7151,0.1496,-0.6829,0,-0.2366,-14.2771,-2.6077,1]},
{"frame":86,"values":[0.691,-0.0076,-0.7228,0,0.118,0.9877,0.1023,0,-0.7131,0.156,-0.6834,0,-0.3404,-14.5318,-2.432,1]},
{"frame":101,"values":[1,0,0,0,0,1,0,0,0,0,-1,0,0.0028,1.8348,0.0813,1]},
{"frame":102,"values":[1,0,0,0,0,1,0,0,0,0,-1,0,0.0028,1.8348,0.0813,1]}]}},
{"name":"mixamorig:Spine","index":1,"matrix":[1,0.0039,-0.0005,0,-0.004,0.9894,-0.1451,0,-0.0001,0.1451,0.9894,0,-0.0007,0.1639,-0.024,1],"rest":[1,0.0039,-0.0005,0,-0.004,0.9894,-0.1451,0,-0.0001,0.1451,0.9894,0,-0.0007,0.1639,-0.024,1],"parentBoneIndex":0,"length":0.1932
,"animation":
{"name":"anim","property":"_matrix","dataType":3,"framePerSecond":30,"loopBehavior":1,"keys":[
{"frame":1,"values":[0.9984,-0.0052,-0.0571,0,0.0186,0.9714,0.2367,0,0.0542,-0.2374,0.9699,0,-0.0007,0.1639,-0.024,1]},
{"frame":2,"values":[0.9985,-0.0036,-0.0553,0,0.0166,0.9714,0.2369,0,0.0528,-0.2375,0.97,0,-0.0007,0.1639,-0.024,1]},
{"frame":3,"values":[0.9985,-0.0016,-0.0542,0,0.0142,0.9723,0.2334,0,0.0523,-0.2338,0.9709,0,-0.0007,0.1639,-0.024,1]},
{"frame":4,"values":[0.9985,0.0006,-0.0543,0,0.0117,0.9743,0.2248,0,0.0531,-0.2251,0.9729,0,-0.0007,0.1639,-0.024,1]},
{"frame":5,"values":[0.9986,0.0021,-0.0525,0,0.0092,0.9769,0.2136,0,0.0517,-0.2138,0.9755,0,-0.0007,0.1639,-0.024,1]},
{"frame":6,"values":[0.9988,0.0052,-0.0481,0,0.0048,0.9786,0.2059,0,0.0481,-0.2058,0.9774,0,-0.0007,0.1639,-0.024,1]},
{"frame":7,"values":[0.9989,0.0085,-0.0465,0,0.0009,0.9805,0.1967,0,0.0472,-0.1965,0.9794,0,-0.0007,0.1639,-0.024,1]},
{"frame":8,"values":[0.9989,0.0127,-0.0452,0,-0.0038,0.9813,0.1927,0,0.0468,-0.1923,0.9802,0,-0.0007,0.1639,-0.024,1]},
{"frame":9,"values":[0.9989,0.0168,-0.0432,0,-0.008,0.9809,0.1945,0,0.0456,-0.194,0.9799,0,-0.0007,0.1639,-0.024,1]},
{"frame":10,"values":[0.999,0.0207,-0.0406,0,-0.0122,0.9797,0.2,0,0.0439,-0.1993,0.979,0,-0.0007,0.1639,-0.024,1]},
{"frame":11,"values":[0.9989,0.024,-0.0395,0,-0.0153,0.9785,0.2057,0,0.0436,-0.2049,0.9778,0,-0.0007,0.1639,-0.024,1]},
{"frame":12,"values":[0.9989,0.0219,-0.0418,0,-0.0129,0.9784,0.2062,0,0.0454,-0.2054,0.9776,0,-0.0007,0.1639,-0.024,1]},
{"frame":13,"values":[0.9989,0.0241,-0.0409,0,-0.0149,0.9772,0.2117,0,0.0451,-0.2108,0.9765,0,-0.0007,0.1639,-0.024,1]},
{"frame":14,"values":[0.9989,0.0322,-0.0344,0,-0.0237,0.9748,0.2218,0,0.0407,-0.2207,0.9745,0,-0.0007,0.1639,-0.024,1]},
{"frame":15,"values":[0.9987,0.0382,-0.0327,0,-0.0302,0.9757,0.2172,0,0.0402,-0.2159,0.9756,0,-0.0007,0.1639,-0.024,1]},
{"frame":16,"values":[0.9986,0.0414,-0.0319,0,-0.0341,0.9787,0.2023,0,0.0396,-0.2009,0.9788,0,-0.0007,0.1639,-0.024,1]},
{"frame":17,"values":[0.9985,0.0463,-0.0276,0,-0.0404,0.9821,0.184,0,0.0356,-0.1826,0.9825,0,-0.0007,0.1639,-0.024,1]},
{"frame":18,"values":[0.9983,0.0538,-0.0242,0,-0.0491,0.9853,0.1637,0,0.0326,-0.1623,0.9862,0,-0.0007,0.1639,-0.024,1]},
{"frame":19,"values":[0.9979,0.06,-0.0243,0,-0.0559,0.988,0.1441,0,0.0327,-0.1424,0.9893,0,-0.0007,0.1639,-0.024,1]},
{"frame":20,"values":[0.9977,0.0618,-0.0264,0,-0.0579,0.9901,0.1282,0,0.0341,-0.1263,0.9914,0,-0.0007,0.1639,-0.024,1]},
{"frame":21,"values":[0.9976,0.0639,-0.0284,0,-0.0603,0.9917,0.1137,0,0.0355,-0.1117,0.9931,0,-0.0007,0.1639,-0.024,1]},
{"frame":22,"values":[0.9972,0.0684,-0.0303,0,-0.0652,0.9932,0.097,0,0.0367,-0.0947,0.9948,0,-0.0007,0.1639,-0.024,1]},
{"frame":23,"values":[0.9969,0.0704,-0.0347,0,-0.0674,0.9945,0.0805,0,0.0402,-0.0779,0.9961,0,-0.0007,0.1639,-0.024,1]},
{"frame":24,"values":[0.9967,0.0704,-0.0405,0,-0.0675,0.9954,0.0687,0,0.0452,-0.0657,0.9968,0,-0.0007,0.1639,-0.024,1]},
{"frame":25,"values":[0.9965,0.0697,-0.0461,0,-0.0666,0.9957,0.0644,0,0.0504,-0.0611,0.9969,0,-0.0007,0.1639,-0.024,1]},
{"frame":26,"values":[0.9964,0.0684,-0.0499,0,-0.065,0.9956,0.0669,0,0.0543,-0.0634,0.9965,0,-0.0007,0.1639,-0.024,1]},
{"frame":27,"values":[0.9964,0.0673,-0.0511,0,-0.0635,0.9954,0.072,0,0.0557,-0.0685,0.9961,0,-0.0007,0.1639,-0.024,1]},
{"frame":28,"values":[0.9966,0.0647,-0.052,0,-0.0606,0.9952,0.0769,0,0.0567,-0.0735,0.9957,0,-0.0007,0.1639,-0.024,1]},
{"frame":29,"values":[0.9967,0.0614,-0.0536,0,-0.0569,0.995,0.0815,0,0.0583,-0.0782,0.9952,0,-0.0007,0.1639,-0.024,1]},
{"frame":30,"values":[0.9966,0.059,-0.057,0,-0.054,0.9948,0.0862,0,0.0617,-0.0828,0.9947,0,-0.0007,0.1639,-0.024,1]},
{"frame":31,"values":[0.9966,0.0558,-0.0604,0,-0.0502,0.9946,0.0912,0,0.0652,-0.0879,0.994,0,-0.0007,0.1639,-0.024,1]},
{"frame":32,"values":[0.9966,0.0521,-0.0643,0,-0.0459,0.9944,0.0952,0,0.0689,-0.092,0.9934,0,-0.0007,0.1639,-0.024,1]},
{"frame":33,"values":[0.9962,0.0492,-0.0715,0,-0.0421,0.9943,0.098,0,0.0759,-0.0947,0.9926,0,-0.0007,0.1639,-0.024,1]},
{"frame":34,"values":[0.996,0.0445,-0.0781,0,-0.0365,0.9942,0.1013,0,0.0821,-0.098,0.9918,0,-0.0007,0.1639,-0.024,1]},
{"frame":35,"values":[0.9956,0.0415,-0.0841,0,-0.0327,0.9941,0.1032,0,0.0879,-0.1,0.9911,0,-0.0007,0.1639,-0.024,1]},
{"frame":36,"values":[0.9953,0.0399,-0.0887,0,-0.0306,0.9941,0.1038,0,0.0923,-0.1006,0.9906,0,-0.0007,0.1639,-0.024,1]},
{"frame":37,"values":[0.9953,0.0367,-0.09,0,-0.0272,0.9941,0.1047,0,0.0933,-0.1018,0.9904,0,-0.0007,0.1639,-0.024,1]},
{"frame":38,"values":[0.9954,0.0332,-0.0894,0,-0.0236,0.9941,0.1062,0,0.0924,-0.1036,0.9903,0,-0.0007,0.1639,-0.024,1]},
{"frame":39,"values":[0.9955,0.0303,-0.0898,0,-0.0206,0.994,0.1078,0,0.0925,-0.1055,0.9901,0,-0.0007,0.1639,-0.024,1]},
{"frame":40,"values":[0.9955,0.0292,-0.0897,0,-0.0194,0.9939,0.1087,0,0.0923,-0.1065,0.99,0,-0.0007,0.1639,-0.024,1]},
{"frame":41,"values":[0.9957,0.0299,-0.0881,0,-0.0202,0.9938,0.1096,0,0.0908,-0.1073,0.9901,0,-0.0007,0.1639,-0.024,1]},
{"frame":42,"values":[0.9959,0.0292,-0.0853,0,-0.0196,0.9936,0.1114,0,0.088,-0.1093,0.9901,0,-0.0007,0.1639,-0.024,1]},
{"frame":43,"values":[0.9962,0.0277,-0.0826,0,-0.0183,0.9935,0.1124,0,0.0852,-0.1105,0.9902,0,-0.0007,0.1639,-0.024,1]},
{"frame":44,"values":[0.9963,0.0268,-0.0816,0,-0.0175,0.9935,0.1123,0,0.084,-0.1105,0.9903,0,-0.0007,0.1639,-0.024,1]},
{"frame":45,"values":[0.9965,0.0258,-0.0801,0,-0.0167,0.9935,0.1127,0,0.0825,-0.111,0.9904,0,-0.0007,0.1639,-0.024,1]},
{"frame":46,"values":[0.9967,0.0258,-0.0767,0,-0.017,0.9934,0.1135,0,0.0791,-0.1118,0.9906,0,-0.0007,0.1639,-0.024,1]},
{"frame":47,"values":[0.9969,0.0263,-0.0737,0,-0.0178,0.9933,0.1138,0,0.0762,-0.1122,0.9908,0,-0.0007,0.1639,-0.024,1]},
{"frame":48,"values":[0.997,0.0259,-0.073,0,-0.0175,0.9934,0.1131,0,0.0755,-0.1115,0.9909,0,-0.0007,0.1639,-0.024,1]},
{"frame":49,"values":[0.997,0.0248,-0.0738,0,-0.0165,0.9937,0.1109,0,0.0761,-0.1094,0.9911,0,-0.0007,0.1639,-0.024,1]},
{"frame":50,"values":[0.9968,0.0241,-0.0758,0,-0.0158,0.9939,0.1087,0,0.078,-0.1072,0.9912,0,-0.0007,0.1639,-0.024,1]},
{"frame":51,"values":[0.9967,0.0243,-0.077,0,-0.0159,0.9941,0.1075,0,0.0792,-0.1059,0.9912,0,-0.0007,0.1639,-0.024,1]},
{"frame":52,"values":[0.9967,0.0247,-0.0774,0,-0.0164,0.9942,0.1062,0,0.0796,-0.1046,0.9913,0,-0.0007,0.1639,-0.024,1]},
{"frame":53,"values":[0.9966,0.025,-0.079,0,-0.0167,0.9944,0.1048,0,0.0812,-0.1031,0.9914,0,-0.0007,0.1639,-0.024,1]},
{"frame":54,"values":[0.9964,0.0258,-0.0807,0,-0.0174,0.9945,0.1032,0,0.0829,-0.1014,0.9914,0,-0.0007,0.1639,-0.024,1]},
{"frame":55,"values":[0.9964,0.026,-0.0806,0,-0.0177,0.9946,0.1022,0,0.0828,-0.1004,0.9915,0,-0.0007,0.1639,-0.024,1]},
{"frame":56,"values":[0.9965,0.0268,-0.0794,0,-0.0186,0.9946,0.102,0,0.0817,-0.1001,0.9916,0,-0.0007,0.1639,-0.024,1]},
{"frame":57,"values":[0.9966,0.0297,-0.0769,0,-0.0219,0.9947,0.1006,0,0.0795,-0.0986,0.9919,0,-0.0007,0.1639,-0.024,1]},
{"frame":58,"values":[0.9967,0.0328,-0.0737,0,-0.0254,0.9948,0.099,0,0.0765,-0.0968,0.9924,0,-0.0007,0.1639,-0.024,1]},
{"frame":59,"values":[0.9968,0.0345,-0.0722,0,-0.0273,0.9948,0.0983,0,0.0752,-0.096,0.9925,0,-0.0007,0.1639,-0.024,1]},
{"frame":60,"values":[0.9968,0.0371,-0.0709,0,-0.0302,0.9949,0.0961,0,0.0741,-0.0937,0.9928,0,-0.0007,0.1639,-0.024,1]},
{"frame":61,"values":[0.9969,0.0407,-0.0672,0,-0.0343,0.9951,0.0932,0,0.0707,-0.0906,0.9934,0,-0.0007,0.1639,-0.024,1]},
{"frame":62,"values":[0.9971,0.0449,-0.0608,0,-0.0392,0.995,0.0922,0,0.0647,-0.0896,0.9939,0,-0.0007,0.1639,-0.024,1]},
{"frame":63,"values":[0.9973,0.0509,-0.0529,0,-0.046,0.9948,0.0906,0,0.0573,-0.0879,0.9945,0,-0.0007,0.1639,-0.024,1]},
{"frame":64,"values":[0.9974,0.0574,-0.0446,0,-0.0533,0.9947,0.0883,0,0.0494,-0.0856,0.9951,0,-0.0007,0.1639,-0.024,1]},
{"frame":65,"values":[0.9973,0.0649,-0.0355,0,-0.0617,0.9944,0.0853,0,0.0408,-0.0829,0.9957,0,-0.0007,0.1639,-0.024,1]},
{"frame":66,"values":[0.997,0.0725,-0.0261,0,-0.0702,0.9943,0.0801,0,0.0318,-0.078,0.9964,0,-0.0007,0.1639,-0.024,1]},
{"frame":67,"values":[0.9967,0.0793,-0.0201,0,-0.0775,0.9941,0.0759,0,0.026,-0.0741,0.9969,0,-0.0007,0.1639,-0.024,1]},
{"frame":68,"values":[0.9964,0.0831,-0.0172,0,-0.0816,0.9936,0.0777,0,0.0235,-0.076,0.9968,0,-0.0007,0.1639,-0.024,1]},
{"frame":69,"values":[0.9966,0.0811,-0.0157,0,-0.0795,0.9932,0.0849,0,0.0224,-0.0834,0.9963,0,-0.0007,0.1639,-0.024,1]},
{"frame":70,"values":[0.9971,0.075,-0.0141,0,-0.0733,0.9928,0.0953,0,0.0212,-0.094,0.9954,0,-0.0007,0.1639,-0.024,1]},
{"frame":71,"values":[0.9977,0.0665,-0.0127,0,-0.0647,0.992,0.1081,0,0.0198,-0.107,0.9941,0,-0.0007,0.1639,-0.024,1]},
{"frame":72,"values":[0.9984,0.0561,-0.0116,0,-0.0543,0.9909,0.1236,0,0.0184,-0.1227,0.9923,0,-0.0007,0.1639,-0.024,1]},
{"frame":73,"values":[0.9988,0.0467,-0.0121,0,-0.0445,0.9893,0.1387,0,0.0184,-0.138,0.9903,0,-0.0007,0.1639,-0.024,1]},
{"frame":74,"values":[0.9991,0.0406,-0.0157,0,-0.0378,0.9879,0.1504,0,0.0216,-0.1497,0.9885,0,-0.0007,0.1639,-0.024,1]},
{"frame":75,"values":[0.9991,0.0356,-0.0223,0,-0.0316,0.9866,0.1602,0,0.0277,-0.1594,0.9868,0,-0.0007,0.1639,-0.024,1]},
{"frame":76,"values":[0.9991,0.0286,-0.03,0,-0.0231,0.9853,0.1692,0,0.0344,-0.1684,0.9851,0,-0.0007,0.1639,-0.024,1]},
{"frame":77,"values":[0.9991,0.0215,-0.0371,0,-0.0147,0.9845,0.1748,0,0.0403,-0.1741,0.9839,0,-0.0007,0.1639,-0.024,1]},
{"frame":78,"values":[0.9989,0.0165,-0.045,0,-0.0083,0.9841,0.1772,0,0.0472,-0.1767,0.9831,0,-0.0007,0.1639,-0.024,1]},
{"frame":79,"values":[0.9986,0.0123,-0.052,0,-0.0027,0.9834,0.1816,0,0.0533,-0.1812,0.982,0,-0.0007,0.1639,-0.024,1]},
{"frame":80,"values":[0.9985,0.0085,-0.055,0,0.002,0.982,0.1891,0,0.0556,-0.1889,0.9804,0,-0.0007,0.1639,-0.024,1]},
{"frame":81,"values":[0.9984,0.0054,-0.057,0,0.006,0.98,0.1988,0,0.0569,-0.1988,0.9784,0,-0.0007,0.1639,-0.024,1]},
{"frame":82,"values":[0.9983,0.002,-0.0588,0,0.0104,0.9777,0.2097,0,0.0579,-0.21,0.976,0,-0.0007,0.1639,-0.024,1]},
{"frame":83,"values":[0.9982,-0.0023,-0.0598,0,0.0154,0.9754,0.2198,0,0.0578,-0.2203,0.9737,0,-0.0007,0.1639,-0.024,1]},
{"frame":84,"values":[0.9982,-0.0052,-0.0601,0,0.0187,0.9736,0.2274,0,0.0574,-0.2281,0.9719,0,-0.0007,0.1639,-0.024,1]},
{"frame":85,"values":[0.9983,-0.0057,-0.0588,0,0.0193,0.9722,0.2332,0,0.0558,-0.2339,0.9707,0,-0.0007,0.1639,-0.024,1]},
{"frame":86,"values":[0.9984,-0.0052,-0.0571,0,0.0186,0.9714,0.2367,0,0.0542,-0.2374,0.9699,0,-0.0007,0.1639,-0.024,1]},
{"frame":101,"values":[1,0.0039,-0.0005,0,-0.004,0.9894,-0.1451,0,-0.0001,0.1451,0.9894,0,-0.0007,0.1639,-0.024,1]},
{"frame":102,"values":[1,0.0039,-0.0005,0,-0.004,0.9894,-0.1451,0,-0.0001,0.1451,0.9894,0,-0.0007,0.1639,-0.024,1]}]}},
{"name":"mixamorig:Spine1","index":2,"matrix":[1,0,0,0,0,1,0,0,0,0,1,0,0,0.1932,0,1],"rest":[1,0,0,0,0,1,0,0,0,0,1,0,0,0.1932,0,1],"parentBoneIndex":1,"length":0.2208
,"animation":
{"name":"anim","property":"_matrix","dataType":3,"framePerSecond":30,"loopBehavior":1,"keys":[
{"frame":1,"values":[0.9997,-0.0206,-0.0121,0,0.0207,0.9997,0.0102,0,0.0119,-0.0104,0.9999,0,0,0.1932,0,1]},
{"frame":2,"values":[0.9997,-0.0206,-0.0119,0,0.0207,0.9997,0.0112,0,0.0117,-0.0114,0.9999,0,0,0.1932,0,1]},
{"frame":3,"values":[0.9997,-0.0204,-0.0117,0,0.0205,0.9997,0.0114,0,0.0115,-0.0116,0.9999,0,0,0.1932,0,1]},
{"frame":4,"values":[0.9997,-0.0197,-0.0116,0,0.0199,0.9997,0.0111,0,0.0114,-0.0113,0.9999,0,0,0.1932,0,1]},
{"frame":5,"values":[0.9998,-0.0186,-0.0111,0,0.0187,0.9998,0.0098,0,0.0109,-0.01,0.9999,0,0,0.1932,0,1]},
{"frame":6,"values":[0.9998,-0.0186,-0.0106,0,0.0187,0.9998,0.006,0,0.0104,-0.0062,0.9999,0,0,0.1932,0,1]},
{"frame":7,"values":[0.9998,-0.0174,-0.0101,0,0.0175,0.9998,0.0058,0,0.01,-0.006,0.9999,0,0,0.1932,0,1]},
{"frame":8,"values":[0.9998,-0.0168,-0.0099,0,0.0168,0.9998,0.007,0,0.0098,-0.0072,0.9999,0,0,0.1932,0,1]},
{"frame":9,"values":[0.9998,-0.0165,-0.0097,0,0.0166,0.9998,0.0077,0,0.0096,-0.0079,0.9999,0,0,0.1932,0,1]},
{"frame":10,"values":[0.9998,-0.0164,-0.0094,0,0.0165,0.9998,0.0086,0,0.0093,-0.0088,0.9999,0,0,0.1932,0,1]},
{"frame":11,"values":[0.9998,-0.0161,-0.0094,0,0.0162,0.9998,0.0113,0,0.0092,-0.0115,0.9999,0,0,0.1932,0,1]},
{"frame":12,"values":[0.9998,-0.0154,-0.0095,0,0.0155,0.9998,0.0158,0,0.0092,-0.016,0.9998,0,0,0.1932,0,1]},
{"frame":13,"values":[0.9999,-0.014,-0.0091,0,0.0141,0.9998,0.016,0,0.0089,-0.0161,0.9998,0,0,0.1932,0,1]},
{"frame":14,"values":[0.9999,-0.0115,-0.0079,0,0.0116,0.9999,0.0126,0,0.0078,-0.0127,0.9999,0,0,0.1932,0,1]},
{"frame":15,"values":[0.9999,-0.0113,-0.0078,0,0.0114,0.9999,0.0129,0,0.0076,-0.013,0.9999,0,0,0.1932,0,1]},
{"frame":16,"values":[0.9999,-0.0106,-0.0075,0,0.0107,0.9998,0.0138,0,0.0074,-0.0139,0.9999,0,0,0.1932,0,1]},
{"frame":17,"values":[0.9999,-0.0093,-0.0067,0,0.0094,0.9998,0.0152,0,0.0065,-0.0152,0.9999,0,0,0.1932,0,1]},
{"frame":18,"values":[0.9999,-0.0103,-0.0065,0,0.0104,0.9998,0.0171,0,0.0063,-0.0172,0.9998,0,0,0.1932,0,1]},
{"frame":19,"values":[0.9999,-0.0098,-0.0065,0,0.0099,0.9998,0.0181,0,0.0063,-0.0181,0.9998,0,0,0.1932,0,1]},
{"frame":20,"values":[0.9999,-0.0082,-0.0064,0,0.0083,0.9998,0.0176,0,0.0063,-0.0176,0.9998,0,0,0.1932,0,1]},
{"frame":21,"values":[0.9999,-0.0084,-0.0067,0,0.0086,0.9998,0.0168,0,0.0065,-0.0168,0.9998,0,0,0.1932,0,1]},
{"frame":22,"values":[0.9999,-0.0111,-0.0075,0,0.0112,0.9998,0.0163,0,0.0073,-0.0164,0.9998,0,0,0.1932,0,1]},
{"frame":23,"values":[0.9999,-0.0135,-0.0085,0,0.0136,0.9998,0.0157,0,0.0082,-0.0159,0.9998,0,0,0.1932,0,1]},
{"frame":24,"values":[0.9998,-0.0153,-0.0095,0,0.0154,0.9998,0.0151,0,0.0093,-0.0152,0.9998,0,0,0.1932,0,1]},
{"frame":25,"values":[0.9998,-0.0174,-0.0106,0,0.0176,0.9997,0.0147,0,0.0104,-0.0149,0.9998,0,0,0.1932,0,1]},
{"frame":26,"values":[0.9997,-0.0197,-0.0116,0,0.0199,0.9997,0.0148,0,0.0113,-0.015,0.9998,0,0,0.1932,0,1]},
{"frame":27,"values":[0.9997,-0.0221,-0.0122,0,0.0222,0.9996,0.0154,0,0.0119,-0.0157,0.9998,0,0,0.1932,0,1]},
{"frame":28,"values":[0.9997,-0.0226,-0.0124,0,0.0228,0.9996,0.0156,0,0.0121,-0.0159,0.9998,0,0,0.1932,0,1]},
{"frame":29,"values":[0.9997,-0.0217,-0.0125,0,0.0219,0.9996,0.0154,0,0.0122,-0.0157,0.9998,0,0,0.1932,0,1]},
{"frame":30,"values":[0.9997,-0.0218,-0.013,0,0.022,0.9996,0.0154,0,0.0126,-0.0156,0.9998,0,0,0.1932,0,1]},
{"frame":31,"values":[0.9997,-0.0225,-0.0136,0,0.0227,0.9996,0.0154,0,0.0132,-0.0157,0.9998,0,0,0.1932,0,1]},
{"frame":32,"values":[0.9996,-0.023,-0.0141,0,0.0232,0.9996,0.0159,0,0.0138,-0.0162,0.9998,0,0,0.1932,0,1]},
{"frame":33,"values":[0.9996,-0.0226,-0.015,0,0.0228,0.9996,0.0165,0,0.0146,-0.0168,0.9998,0,0,0.1932,0,1]},
{"frame":34,"values":[0.9996,-0.0221,-0.0157,0,0.0224,0.9996,0.0171,0,0.0153,-0.0175,0.9997,0,0,0.1932,0,1]},
{"frame":35,"values":[0.9996,-0.022,-0.0165,0,0.0223,0.9996,0.0184,0,0.0161,-0.0187,0.9997,0,0,0.1932,0,1]},
{"frame":36,"values":[0.9996,-0.0215,-0.0169,0,0.0219,0.9996,0.0194,0,0.0165,-0.0198,0.9997,0,0,0.1932,0,1]},
{"frame":37,"values":[0.9996,-0.0206,-0.0169,0,0.0209,0.9996,0.0196,0,0.0164,-0.02,0.9997,0,0,0.1932,0,1]},
{"frame":38,"values":[0.9997,-0.0194,-0.0164,0,0.0197,0.9996,0.0197,0,0.0161,-0.0201,0.9997,0,0,0.1932,0,1]},
{"frame":39,"values":[0.9997,-0.018,-0.0162,0,0.0183,0.9996,0.0197,0,0.0158,-0.02,0.9997,0,0,0.1932,0,1]},
{"frame":40,"values":[0.9997,-0.0172,-0.016,0,0.0175,0.9997,0.0191,0,0.0156,-0.0194,0.9997,0,0,0.1932,0,1]},
{"frame":41,"values":[0.9997,-0.017,-0.0157,0,0.0173,0.9997,0.0187,0,0.0154,-0.019,0.9997,0,0,0.1932,0,1]},
{"frame":42,"values":[0.9997,-0.0166,-0.0152,0,0.0169,0.9997,0.0186,0,0.0149,-0.0189,0.9997,0,0,0.1932,0,1]},
{"frame":43,"values":[0.9998,-0.0161,-0.0147,0,0.0163,0.9997,0.0183,0,0.0144,-0.0186,0.9997,0,0,0.1932,0,1]},
{"frame":44,"values":[0.9998,-0.0151,-0.0144,0,0.0154,0.9997,0.0179,0,0.0141,-0.0181,0.9997,0,0,0.1932,0,1]},
{"frame":45,"values":[0.9998,-0.014,-0.0139,0,0.0143,0.9997,0.018,0,0.0137,-0.0182,0.9997,0,0,0.1932,0,1]},
{"frame":46,"values":[0.9998,-0.0134,-0.0133,0,0.0136,0.9997,0.0178,0,0.0131,-0.018,0.9998,0,0,0.1932,0,1]},
{"frame":47,"values":[0.9998,-0.0136,-0.013,0,0.0138,0.9998,0.0172,0,0.0127,-0.0174,0.9998,0,0,0.1932,0,1]},
{"frame":48,"values":[0.9998,-0.0143,-0.013,0,0.0145,0.9997,0.0171,0,0.0128,-0.0173,0.9998,0,0,0.1932,0,1]},
{"frame":49,"values":[0.9998,-0.0149,-0.0132,0,0.0151,0.9997,0.0175,0,0.0129,-0.0177,0.9998,0,0,0.1932,0,1]},
{"frame":50,"values":[0.9998,-0.0152,-0.0135,0,0.0154,0.9997,0.0179,0,0.0133,-0.0181,0.9997,0,0,0.1932,0,1]},
{"frame":51,"values":[0.9998,-0.016,-0.0139,0,0.0163,0.9997,0.0182,0,0.0136,-0.0184,0.9997,0,0,0.1932,0,1]},
{"frame":52,"values":[0.9997,-0.0173,-0.0142,0,0.0175,0.9997,0.0187,0,0.0139,-0.0189,0.9997,0,0,0.1932,0,1]},
{"frame":53,"values":[0.9997,-0.0176,-0.0145,0,0.0178,0.9997,0.0187,0,0.0142,-0.019,0.9997,0,0,0.1932,0,1]},
{"frame":54,"values":[0.9997,-0.0173,-0.0147,0,0.0176,0.9997,0.0188,0,0.0144,-0.019,0.9997,0,0,0.1932,0,1]},
{"frame":55,"values":[0.9997,-0.0175,-0.0147,0,0.0178,0.9997,0.0194,0,0.0144,-0.0197,0.9997,0,0,0.1932,0,1]},
{"frame":56,"values":[0.9997,-0.0173,-0.0146,0,0.0176,0.9997,0.0192,0,0.0143,-0.0195,0.9997,0,0,0.1932,0,1]},
{"frame":57,"values":[0.9998,-0.017,-0.0143,0,0.0173,0.9997,0.0182,0,0.0139,-0.0185,0.9997,0,0,0.1932,0,1]},
{"frame":58,"values":[0.9998,-0.0169,-0.0139,0,0.0171,0.9997,0.018,0,0.0136,-0.0182,0.9997,0,0,0.1932,0,1]},
{"frame":59,"values":[0.9998,-0.0162,-0.0136,0,0.0164,0.9997,0.0179,0,0.0133,-0.0182,0.9997,0,0,0.1932,0,1]},
{"frame":60,"values":[0.9998,-0.0157,-0.0134,0,0.0159,0.9997,0.0171,0,0.0131,-0.0173,0.9998,0,0,0.1932,0,1]},
{"frame":61,"values":[0.9998,-0.0164,-0.013,0,0.0166,0.9997,0.0167,0,0.0128,-0.0169,0.9998,0,0,0.1932,0,1]},
{"frame":62,"values":[0.9997,-0.0185,-0.0127,0,0.0187,0.9997,0.0165,0,0.0124,-0.0167,0.9998,0,0,0.1932,0,1]},
{"frame":63,"values":[0.9997,-0.0206,-0.0121,0,0.0208,0.9997,0.0162,0,0.0118,-0.0165,0.9998,0,0,0.1932,0,1]},
{"frame":64,"values":[0.9997,-0.0215,-0.0112,0,0.0216,0.9996,0.0161,0,0.0109,-0.0163,0.9998,0,0,0.1932,0,1]},
{"frame":65,"values":[0.9997,-0.0226,-0.0103,0,0.0228,0.9996,0.017,0,0.01,-0.0172,0.9998,0,0,0.1932,0,1]},
{"frame":66,"values":[0.9997,-0.0238,-0.0094,0,0.0239,0.9995,0.0186,0,0.009,-0.0189,0.9998,0,0,0.1932,0,1]},
{"frame":67,"values":[0.9997,-0.0235,-0.0086,0,0.0237,0.9995,0.0199,0,0.0082,-0.0201,0.9998,0,0,0.1932,0,1]},
{"frame":68,"values":[0.9997,-0.022,-0.008,0,0.0221,0.9996,0.0192,0,0.0076,-0.0194,0.9998,0,0,0.1932,0,1]},
{"frame":69,"values":[0.9998,-0.0189,-0.0072,0,0.019,0.9997,0.0171,0,0.0068,-0.0172,0.9998,0,0,0.1932,0,1]},
{"frame":70,"values":[0.9998,-0.0164,-0.0064,0,0.0165,0.9997,0.0151,0,0.0062,-0.0152,0.9999,0,0,0.1932,0,1]},
{"frame":71,"values":[0.9998,-0.0165,-0.0062,0,0.0166,0.9998,0.0149,0,0.0059,-0.015,0.9999,0,0,0.1932,0,1]},
{"frame":72,"values":[0.9999,-0.0162,-0.0058,0,0.0163,0.9998,0.0131,0,0.0056,-0.0132,0.9999,0,0,0.1932,0,1]},
{"frame":73,"values":[0.9999,-0.0159,-0.0057,0,0.016,0.9998,0.0103,0,0.0055,-0.0104,0.9999,0,0,0.1932,0,1]},
{"frame":74,"values":[0.9998,-0.0177,-0.0065,0,0.0178,0.9998,0.0096,0,0.0063,-0.0097,0.9999,0,0,0.1932,0,1]},
{"frame":75,"values":[0.9998,-0.019,-0.0076,0,0.0191,0.9998,0.0097,0,0.0074,-0.0098,0.9999,0,0,0.1932,0,1]},
{"frame":76,"values":[0.9998,-0.0181,-0.0084,0,0.0182,0.9998,0.0085,0,0.0082,-0.0087,0.9999,0,0,0.1932,0,1]},
{"frame":77,"values":[0.9998,-0.0179,-0.0092,0,0.018,0.9998,0.0076,0,0.009,-0.0077,0.9999,0,0,0.1932,0,1]},
{"frame":78,"values":[0.9997,-0.0201,-0.0106,0,0.0201,0.9998,0.0078,0,0.0105,-0.008,0.9999,0,0,0.1932,0,1]},
{"frame":79,"values":[0.9997,-0.0219,-0.0119,0,0.022,0.9997,0.0064,0,0.0117,-0.0066,0.9999,0,0,0.1932,0,1]},
{"frame":80,"values":[0.9997,-0.0224,-0.0123,0,0.0225,0.9997,0.0039,0,0.0123,-0.0042,0.9999,0,0,0.1932,0,1]},
{"frame":81,"values":[0.9997,-0.0215,-0.0124,0,0.0215,0.9998,0.0037,0,0.0123,-0.004,0.9999,0,0,0.1932,0,1]},
{"frame":82,"values":[0.9997,-0.0201,-0.0123,0,0.0201,0.9998,0.0053,0,0.0122,-0.0056,0.9999,0,0,0.1932,0,1]},
{"frame":83,"values":[0.9997,-0.0192,-0.0122,0,0.0193,0.9998,0.0067,0,0.0121,-0.0069,0.9999,0,0,0.1932,0,1]},
{"frame":84,"values":[0.9997,-0.0197,-0.0123,0,0.0198,0.9998,0.0082,0,0.0121,-0.0084,0.9999,0,0,0.1932,0,1]},
{"frame":85,"values":[0.9997,-0.0204,-0.0123,0,0.0205,0.9997,0.0093,0,0.0121,-0.0095,0.9999,0,0,0.1932,0,1]},
{"frame":86,"values":[0.9997,-0.0206,-0.0121,0,0.0207,0.9997,0.0102,0,0.0119,-0.0104,0.9999,0,0,0.1932,0,1]},
{"frame":101,"values":[1,0,0,0,0,1,0,0,0,0,1,0,0,0.1932,0,1]},
{"frame":102,"values":[1,0,0,0,0,1,0,0,0,0,1,0,0,0.1932,0,1]}]}},
{"name":"mixamorig:Spine2","index":3,"matrix":[1,-0.004,-0.0001,0,0.0039,0.9894,0.1451,0,-0.0005,-0.1451,0.9894,0,0,0.2208,0,1],"rest":[1,-0.004,-0.0001,0,0.0039,0.9894,0.1451,0,-0.0005,-0.1451,0.9894,0,0,0.2208,0,1],"parentBoneIndex":2,"length":0.2405
,"animation":
{"name":"anim","property":"_matrix","dataType":3,"framePerSecond":30,"loopBehavior":1,"keys":[
{"frame":1,"values":[0.9996,-0.025,-0.0114,0,0.0264,0.9875,0.1553,0,0.0074,-0.1555,0.9878,0,0,0.2208,0,1]},
{"frame":2,"values":[0.9996,-0.0249,-0.0112,0,0.0264,0.9874,0.1562,0,0.0071,-0.1565,0.9877,0,0,0.2208,0,1]},
{"frame":3,"values":[0.9996,-0.0247,-0.011,0,0.0261,0.9873,0.1565,0,0.007,-0.1567,0.9876,0,0,0.2208,0,1]},
{"frame":4,"values":[0.9997,-0.0241,-0.011,0,0.0255,0.9874,0.1562,0,0.0071,-0.1564,0.9877,0,0,0.2208,0,1]},
{"frame":5,"values":[0.9997,-0.0229,-0.0105,0,0.0242,0.9876,0.1549,0,0.0069,-0.1551,0.9879,0,0,0.2208,0,1]},
{"frame":6,"values":[0.9997,-0.0229,-0.0099,0,0.0241,0.9882,0.1511,0,0.0064,-0.1513,0.9885,0,0,0.2208,0,1]},
{"frame":7,"values":[0.9997,-0.0217,-0.0096,0,0.0229,0.9883,0.151,0,0.0062,-0.1511,0.9885,0,0,0.2208,0,1]},
{"frame":8,"values":[0.9997,-0.021,-0.0094,0,0.0222,0.9881,0.1521,0,0.0061,-0.1523,0.9883,0,0,0.2208,0,1]},
{"frame":9,"values":[0.9997,-0.0207,-0.0092,0,0.0219,0.988,0.1528,0,0.0059,-0.153,0.9882,0,0,0.2208,0,1]},
{"frame":10,"values":[0.9997,-0.0206,-0.0089,0,0.0217,0.9879,0.1537,0,0.0056,-0.1539,0.9881,0,0,0.2208,0,1]},
{"frame":11,"values":[0.9998,-0.0203,-0.0088,0,0.0214,0.9875,0.1564,0,0.0056,-0.1565,0.9877,0,0,0.2208,0,1]},
{"frame":12,"values":[0.9998,-0.0196,-0.009,0,0.0208,0.9868,0.1608,0,0.0058,-0.161,0.9869,0,0,0.2208,0,1]},
{"frame":13,"values":[0.9998,-0.0182,-0.0087,0,0.0193,0.9868,0.1609,0,0.0057,-0.1611,0.9869,0,0,0.2208,0,1]},
{"frame":14,"values":[0.9998,-0.0157,-0.0076,0,0.0167,0.9874,0.1577,0,0.005,-0.1578,0.9875,0,0,0.2208,0,1]},
{"frame":15,"values":[0.9999,-0.0155,-0.0074,0,0.0165,0.9873,0.1579,0,0.0049,-0.158,0.9874,0,0,0.2208,0,1]},
{"frame":16,"values":[0.9999,-0.0147,-0.0072,0,0.0157,0.9872,0.1589,0,0.0048,-0.1589,0.9873,0,0,0.2208,0,1]},
{"frame":17,"values":[0.9999,-0.0134,-0.0064,0,0.0143,0.987,0.1601,0,0.0042,-0.1602,0.9871,0,0,0.2208,0,1]},
{"frame":18,"values":[0.9999,-0.0143,-0.0062,0,0.0152,0.9867,0.1621,0,0.0038,-0.1622,0.9868,0,0,0.2208,0,1]},
{"frame":19,"values":[0.9999,-0.0138,-0.0062,0,0.0147,0.9865,0.163,0,0.0039,-0.1631,0.9866,0,0,0.2208,0,1]},
{"frame":20,"values":[0.9999,-0.0122,-0.0062,0,0.0131,0.9866,0.1625,0,0.0041,-0.1626,0.9867,0,0,0.2208,0,1]},
{"frame":21,"values":[0.9999,-0.0125,-0.0065,0,0.0134,0.9867,0.1617,0,0.0044,-0.1618,0.9868,0,0,0.2208,0,1]},
{"frame":22,"values":[0.9999,-0.0152,-0.0072,0,0.0161,0.9868,0.1613,0,0.0046,-0.1614,0.9869,0,0,0.2208,0,1]},
{"frame":23,"values":[0.9998,-0.0175,-0.0081,0,0.0186,0.9868,0.1608,0,0.0052,-0.1609,0.987,0,0,0.2208,0,1]},
{"frame":24,"values":[0.9998,-0.0194,-0.0092,0,0.0206,0.9869,0.1601,0,0.0059,-0.1603,0.9871,0,0,0.2208,0,1]},
{"frame":25,"values":[0.9997,-0.0215,-0.0102,0,0.0228,0.9869,0.1598,0,0.0067,-0.1599,0.9871,0,0,0.2208,0,1]},
{"frame":26,"values":[0.9997,-0.0238,-0.0112,0,0.0253,0.9868,0.1599,0,0.0072,-0.1601,0.9871,0,0,0.2208,0,1]},
{"frame":27,"values":[0.9996,-0.0262,-0.0117,0,0.0277,0.9866,0.1605,0,0.0074,-0.1608,0.987,0,0,0.2208,0,1]},
{"frame":28,"values":[0.9996,-0.0267,-0.0119,0,0.0283,0.9866,0.1607,0,0.0075,-0.161,0.9869,0,0,0.2208,0,1]},
{"frame":29,"values":[0.9996,-0.0258,-0.012,0,0.0274,0.9867,0.1605,0,0.0077,-0.1607,0.987,0,0,0.2208,0,1]},
{"frame":30,"values":[0.9996,-0.026,-0.0125,0,0.0276,0.9867,0.1605,0,0.0081,-0.1607,0.987,0,0,0.2208,0,1]},
{"frame":31,"values":[0.9996,-0.0267,-0.013,0,0.0284,0.9866,0.1605,0,0.0086,-0.1608,0.987,0,0,0.2208,0,1]},
{"frame":32,"values":[0.9995,-0.0272,-0.0136,0,0.029,0.9865,0.161,0,0.009,-0.1613,0.9869,0,0,0.2208,0,1]},
{"frame":33,"values":[0.9995,-0.0267,-0.0145,0,0.0287,0.9864,0.1616,0,0.0099,-0.1619,0.9868,0,0,0.2208,0,1]},
{"frame":34,"values":[0.9995,-0.0263,-0.0152,0,0.0285,0.9863,0.1623,0,0.0107,-0.1626,0.9866,0,0,0.2208,0,1]},
{"frame":35,"values":[0.9995,-0.0262,-0.016,0,0.0285,0.9861,0.1634,0,0.0115,-0.1638,0.9864,0,0,0.2208,0,1]},
{"frame":36,"values":[0.9995,-0.0257,-0.0165,0,0.0281,0.986,0.1645,0,0.012,-0.1649,0.9862,0,0,0.2208,0,1]},
{"frame":37,"values":[0.9996,-0.0248,-0.0164,0,0.0272,0.986,0.1647,0,0.0121,-0.165,0.9862,0,0,0.2208,0,1]},
{"frame":38,"values":[0.9996,-0.0236,-0.0161,0,0.0259,0.986,0.1648,0,0.012,-0.1651,0.9862,0,0,0.2208,0,1]},
{"frame":39,"values":[0.9996,-0.0222,-0.0158,0,0.0245,0.986,0.1647,0,0.012,-0.165,0.9862,0,0,0.2208,0,1]},
{"frame":40,"values":[0.9996,-0.0214,-0.0157,0,0.0237,0.9862,0.1641,0,0.0119,-0.1644,0.9863,0,0,0.2208,0,1]},
{"frame":41,"values":[0.9997,-0.0212,-0.0154,0,0.0234,0.9862,0.1638,0,0.0117,-0.1641,0.9864,0,0,0.2208,0,1]},
{"frame":42,"values":[0.9997,-0.0208,-0.015,0,0.023,0.9863,0.1636,0,0.0113,-0.1639,0.9864,0,0,0.2208,0,1]},
{"frame":43,"values":[0.9997,-0.0202,-0.0145,0,0.0223,0.9863,0.1633,0,0.011,-0.1636,0.9865,0,0,0.2208,0,1]},
{"frame":44,"values":[0.9997,-0.0193,-0.0141,0,0.0213,0.9864,0.1629,0,0.0108,-0.1631,0.9865,0,0,0.2208,0,1]},
{"frame":45,"values":[0.9997,-0.0182,-0.0137,0,0.0202,0.9864,0.1629,0,0.0106,-0.1632,0.9865,0,0,0.2208,0,1]},
{"frame":46,"values":[0.9998,-0.0176,-0.0131,0,0.0195,0.9865,0.1628,0,0.0101,-0.163,0.9866,0,0,0.2208,0,1]},
{"frame":47,"values":[0.9998,-0.0177,-0.0128,0,0.0196,0.9866,0.1622,0,0.0097,-0.1624,0.9867,0,0,0.2208,0,1]},
{"frame":48,"values":[0.9997,-0.0184,-0.0128,0,0.0203,0.9866,0.1621,0,0.0096,-0.1623,0.9867,0,0,0.2208,0,1]},
{"frame":49,"values":[0.9997,-0.019,-0.013,0,0.0209,0.9865,0.1625,0,0.0097,-0.1628,0.9866,0,0,0.2208,0,1]},
{"frame":50,"values":[0.9997,-0.0193,-0.0133,0,0.0212,0.9864,0.1629,0,0.01,-0.1631,0.9866,0,0,0.2208,0,1]},
{"frame":51,"values":[0.9997,-0.0202,-0.0136,0,0.0221,0.9863,0.1632,0,0.0102,-0.1635,0.9865,0,0,0.2208,0,1]},
{"frame":52,"values":[0.9997,-0.0214,-0.0139,0,0.0234,0.9862,0.1637,0,0.0102,-0.1639,0.9864,0,0,0.2208,0,1]},
{"frame":53,"values":[0.9997,-0.0217,-0.0142,0,0.0238,0.9862,0.1637,0,0.0105,-0.164,0.9864,0,0,0.2208,0,1]},
{"frame":54,"values":[0.9997,-0.0215,-0.0144,0,0.0236,0.9862,0.1638,0,0.0107,-0.1641,0.9864,0,0,0.2208,0,1]},
{"frame":55,"values":[0.9997,-0.0216,-0.0144,0,0.0237,0.9861,0.1644,0,0.0107,-0.1647,0.9863,0,0,0.2208,0,1]},
{"frame":56,"values":[0.9997,-0.0215,-0.0143,0,0.0235,0.9861,0.1642,0,0.0106,-0.1645,0.9863,0,0,0.2208,0,1]},
{"frame":57,"values":[0.9997,-0.0212,-0.0139,0,0.0232,0.9863,0.1633,0,0.0103,-0.1635,0.9865,0,0,0.2208,0,1]},
{"frame":58,"values":[0.9997,-0.021,-0.0135,0,0.0229,0.9864,0.163,0,0.0099,-0.1633,0.9865,0,0,0.2208,0,1]},
{"frame":59,"values":[0.9997,-0.0203,-0.0133,0,0.0222,0.9864,0.1629,0,0.0098,-0.1632,0.9865,0,0,0.2208,0,1]},
{"frame":60,"values":[0.9997,-0.0198,-0.013,0,0.0217,0.9865,0.1621,0,0.0096,-0.1624,0.9867,0,0,0.2208,0,1]},
{"frame":61,"values":[0.9997,-0.0205,-0.0127,0,0.0223,0.9866,0.1617,0,0.0092,-0.1619,0.9868,0,0,0.2208,0,1]},
{"frame":62,"values":[0.9997,-0.0226,-0.0123,0,0.0243,0.9866,0.1616,0,0.0085,-0.1618,0.9868,0,0,0.2208,0,1]},
{"frame":63,"values":[0.9996,-0.0247,-0.0117,0,0.0263,0.9866,0.1613,0,0.0075,-0.1615,0.9868,0,0,0.2208,0,1]},
{"frame":64,"values":[0.9996,-0.0256,-0.0108,0,0.027,0.9866,0.1611,0,0.0065,-0.1614,0.9869,0,0,0.2208,0,1]},
{"frame":65,"values":[0.9996,-0.0267,-0.0098,0,0.028,0.9864,0.162,0,0.0054,-0.1622,0.9867,0,0,0.2208,0,1]},
{"frame":66,"values":[0.9996,-0.0278,-0.0089,0,0.0289,0.9861,0.1636,0,0.0042,-0.1638,0.9865,0,0,0.2208,0,1]},
{"frame":67,"values":[0.9996,-0.0275,-0.0081,0,0.0285,0.9859,0.1648,0,0.0035,-0.165,0.9863,0,0,0.2208,0,1]},
